(kicad_pcb (version 20171130) (host pcbnew 5.0.0-fee4fd1~66~ubuntu18.04.1)

  (general
    (thickness 1.6)
    (drawings 1)
    (tracks 18)
    (zones 0)
    (modules 28)
    (nets 17)
  )

  (page A4)
  (layers
    (0 F.Cu signal)
    (31 B.Cu signal)
    (32 B.Adhes user)
    (33 F.Adhes user)
    (34 B.Paste user)
    (35 F.Paste user)
    (36 B.SilkS user)
    (37 F.SilkS user)
    (38 B.Mask user)
    (39 F.Mask user)
    (40 Dwgs.User user)
    (41 Cmts.User user)
    (42 Eco1.User user)
    (43 Eco2.User user)
    (44 Edge.Cuts user)
    (45 Margin user)
    (46 B.CrtYd user)
    (47 F.CrtYd user)
    (48 B.Fab user)
    (49 F.Fab user)
  )

  (setup
    (last_trace_width 0.25)
    (trace_clearance 0.2)
    (zone_clearance 0.508)
    (zone_45_only no)
    (trace_min 0.2)
    (segment_width 0.2)
    (edge_width 0.1)
    (via_size 0.8)
    (via_drill 0.4)
    (via_min_size 0.4)
    (via_min_drill 0.3)
    (uvia_size 0.3)
    (uvia_drill 0.1)
    (uvias_allowed no)
    (uvia_min_size 0.2)
    (uvia_min_drill 0.1)
    (pcb_text_width 0.3)
    (pcb_text_size 1.5 1.5)
    (mod_edge_width 0.15)
    (mod_text_size 1 1)
    (mod_text_width 0.15)
    (pad_size 1.5 1.5)
    (pad_drill 0.6)
    (pad_to_mask_clearance 0)
    (aux_axis_origin 0 0)
    (visible_elements FFFDF77F)
    (pcbplotparams
      (layerselection 0x010fc_ffffffff)
      (usegerberextensions false)
      (usegerberattributes false)
      (usegerberadvancedattributes false)
      (creategerberjobfile false)
      (excludeedgelayer true)
      (linewidth 0.100000)
      (plotframeref false)
      (viasonmask false)
      (mode 1)
      (useauxorigin false)
      (hpglpennumber 1)
      (hpglpenspeed 20)
      (hpglpendiameter 15.000000)
      (psnegative false)
      (psa4output false)
      (plotreference true)
      (plotvalue true)
      (plotinvisibletext false)
      (padsonsilk false)
      (subtractmaskfromsilk false)
      (outputformat 1)
      (mirror false)
      (drillshape 1)
      (scaleselection 1)
      (outputdirectory ""))
  )

  (net 0 "")
  (net 1 GND)
  (net 2 +VDC)
  (net 3 +3V3)
  (net 4 VDD-SWITCH)
  (net 5 "Net-(R1-Pad2)")
  (net 6 "Net-(R2-Pad2)")
  (net 7 "Net-(R3-Pad2)")
  (net 8 "Net-(R4-Pad2)")
  (net 9 "Net-(Q1-Pad3)")
  (net 10 DONE)
  (net 11 "Net-(R7-Pad2)")
  (net 12 "Net-(R8-Pad2)")
  (net 13 3V3-SWITCH)
  (net 14 SWITCHER)
  (net 15 "Net-(Q3-Pad3)")
  (net 16 DELAY)

  (net_class Default "This is the default net class."
    (clearance 0.2)
    (trace_width 0.25)
    (via_dia 0.8)
    (via_drill 0.4)
    (uvia_dia 0.3)
    (uvia_drill 0.1)
    (add_net +3V3)
    (add_net +VDC)
    (add_net 3V3-SWITCH)
    (add_net DELAY)
    (add_net DONE)
    (add_net GND)
    (add_net "Net-(Q1-Pad3)")
    (add_net "Net-(Q3-Pad3)")
    (add_net "Net-(R1-Pad2)")
    (add_net "Net-(R2-Pad2)")
    (add_net "Net-(R3-Pad2)")
    (add_net "Net-(R4-Pad2)")
    (add_net "Net-(R7-Pad2)")
    (add_net "Net-(R8-Pad2)")
    (add_net SWITCHER)
    (add_net VDD-SWITCH)
  )

  (module TerminalBlock_4Ucon:TerminalBlock_4Ucon_1x02_P3.50mm_Vertical (layer F.Cu) (tedit 5B294E7F) (tstamp 5BC53C86)
    (at 53.594 15.692 270)
    (descr "Terminal Block 4Ucon ItemNo. 10693, vertical (cable from top), 2 pins, pitch 3.5mm, size 8x8.3mm^2, drill diamater 1.3mm, pad diameter 2.6mm, see http://www.4uconnector.com/online/object/4udrawing/10693.pdf, script-generated with , script-generated using https://github.com/pointhi/kicad-footprint-generator/scripts/TerminalBlock_4Ucon")
    (tags "THT Terminal Block 4Ucon ItemNo. 10693 vertical pitch 3.5mm size 8x8.3mm^2 drill 1.3mm pad 2.6mm")
    (path /5BCB424A)
    (fp_text reference J2 (at 1.75 -4.76 270) (layer F.SilkS)
      (effects (font (size 1 1) (thickness 0.15)))
    )
    (fp_text value Screw_Terminal_01x02 (at 1.75 5.66 270) (layer F.Fab)
      (effects (font (size 1 1) (thickness 0.15)))
    )
    (fp_arc (start 0 -1.6) (end 0.998 -1.531) (angle -188) (layer F.SilkS) (width 0.12))
    (fp_arc (start 3.5 -1.6) (end 4.44 -1.258) (angle -220) (layer F.SilkS) (width 0.12))
    (fp_circle (center 0 -1.6) (end 1 -1.6) (layer F.Fab) (width 0.1))
    (fp_circle (center 3.5 -1.6) (end 4.5 -1.6) (layer F.Fab) (width 0.1))
    (fp_line (start -2.25 -3.7) (end 5.75 -3.7) (layer F.Fab) (width 0.1))
    (fp_line (start 5.75 -3.7) (end 5.75 4.6) (layer F.Fab) (width 0.1))
    (fp_line (start 5.75 4.6) (end -0.25 4.6) (layer F.Fab) (width 0.1))
    (fp_line (start -0.25 4.6) (end -2.25 2.6) (layer F.Fab) (width 0.1))
    (fp_line (start -2.25 2.6) (end -2.25 -3.7) (layer F.Fab) (width 0.1))
    (fp_line (start -2.25 1.1) (end 5.75 1.1) (layer F.Fab) (width 0.1))
    (fp_line (start -2.31 1.101) (end -1.54 1.101) (layer F.SilkS) (width 0.12))
    (fp_line (start 1.54 1.101) (end 2.367 1.101) (layer F.SilkS) (width 0.12))
    (fp_line (start 4.634 1.101) (end 5.81 1.101) (layer F.SilkS) (width 0.12))
    (fp_line (start -2.31 -3.76) (end 5.81 -3.76) (layer F.SilkS) (width 0.12))
    (fp_line (start -2.31 4.66) (end 5.81 4.66) (layer F.SilkS) (width 0.12))
    (fp_line (start -2.31 -3.76) (end -2.31 4.66) (layer F.SilkS) (width 0.12))
    (fp_line (start 5.81 -3.76) (end 5.81 4.66) (layer F.SilkS) (width 0.12))
    (fp_line (start -1.4 -3) (end 1.4 -3) (layer F.SilkS) (width 0.12))
    (fp_line (start -1.4 -3) (end -1.4 -1.54) (layer F.SilkS) (width 0.12))
    (fp_line (start 1.4 -3) (end 1.4 -1.54) (layer F.SilkS) (width 0.12))
    (fp_line (start -1.4 -3) (end -1.4 0.75) (layer F.Fab) (width 0.1))
    (fp_line (start -1.4 0.75) (end 1.4 0.75) (layer F.Fab) (width 0.1))
    (fp_line (start 1.4 0.75) (end 1.4 -3) (layer F.Fab) (width 0.1))
    (fp_line (start 1.4 -3) (end -1.4 -3) (layer F.Fab) (width 0.1))
    (fp_line (start 2.1 -3) (end 4.9 -3) (layer F.SilkS) (width 0.12))
    (fp_line (start 2.1 0.75) (end 2.101 0.75) (layer F.SilkS) (width 0.12))
    (fp_line (start 4.9 0.75) (end 4.9 0.75) (layer F.SilkS) (width 0.12))
    (fp_line (start 2.1 -3) (end 2.1 -0.689) (layer F.SilkS) (width 0.12))
    (fp_line (start 2.1 0.689) (end 2.1 0.75) (layer F.SilkS) (width 0.12))
    (fp_line (start 4.9 -3) (end 4.9 -0.689) (layer F.SilkS) (width 0.12))
    (fp_line (start 4.9 0.689) (end 4.9 0.75) (layer F.SilkS) (width 0.12))
    (fp_line (start 2.1 -3) (end 2.1 0.75) (layer F.Fab) (width 0.1))
    (fp_line (start 2.1 0.75) (end 4.9 0.75) (layer F.Fab) (width 0.1))
    (fp_line (start 4.9 0.75) (end 4.9 -3) (layer F.Fab) (width 0.1))
    (fp_line (start 4.9 -3) (end 2.1 -3) (layer F.Fab) (width 0.1))
    (fp_line (start -2.55 2.66) (end -2.55 4.9) (layer F.SilkS) (width 0.12))
    (fp_line (start -2.55 4.9) (end -0.55 4.9) (layer F.SilkS) (width 0.12))
    (fp_line (start -2.75 -4.2) (end -2.75 5.11) (layer F.CrtYd) (width 0.05))
    (fp_line (start -2.75 5.11) (end 6.25 5.11) (layer F.CrtYd) (width 0.05))
    (fp_line (start 6.25 5.11) (end 6.25 -4.2) (layer F.CrtYd) (width 0.05))
    (fp_line (start 6.25 -4.2) (end -2.75 -4.2) (layer F.CrtYd) (width 0.05))
    (fp_text user %R (at 1.75 3.45 270) (layer F.Fab)
      (effects (font (size 1 1) (thickness 0.15)))
    )
    (pad 1 thru_hole rect (at 0 0 270) (size 2.6 2.6) (drill 1.3) (layers *.Cu *.Mask)
      (net 4 VDD-SWITCH))
    (pad 2 thru_hole circle (at 3.5 0 270) (size 2.6 2.6) (drill 1.3) (layers *.Cu *.Mask)
      (net 1 GND))
    (model ${KISYS3DMOD}/TerminalBlock_4Ucon.3dshapes/TerminalBlock_4Ucon_1x02_P3.50mm_Vertical.wrl
      (at (xyz 0 0 0))
      (scale (xyz 1 1 1))
      (rotate (xyz 0 0 0))
    )
  )

  (module Connector_PinSocket_2.54mm:PinSocket_1x03_P2.54mm_Vertical (layer F.Cu) (tedit 5A19A429) (tstamp 5BD192F3)
    (at 28.6004 27.178 180)
    (descr "Through hole straight socket strip, 1x03, 2.54mm pitch, single row (from Kicad 4.0.7), script generated")
    (tags "Through hole socket strip THT 1x03 2.54mm single row")
    (path /5BC0FC4D)
    (fp_text reference J3 (at 0 -2.77 180) (layer F.SilkS)
      (effects (font (size 1 1) (thickness 0.15)))
    )
    (fp_text value sreg (at 0 7.85 180) (layer F.Fab)
      (effects (font (size 1 1) (thickness 0.15)))
    )
    (fp_text user %R (at 0 2.54 270) (layer F.Fab)
      (effects (font (size 1 1) (thickness 0.15)))
    )
    (fp_line (start -1.8 6.85) (end -1.8 -1.8) (layer F.CrtYd) (width 0.05))
    (fp_line (start 1.75 6.85) (end -1.8 6.85) (layer F.CrtYd) (width 0.05))
    (fp_line (start 1.75 -1.8) (end 1.75 6.85) (layer F.CrtYd) (width 0.05))
    (fp_line (start -1.8 -1.8) (end 1.75 -1.8) (layer F.CrtYd) (width 0.05))
    (fp_line (start 0 -1.33) (end 1.33 -1.33) (layer F.SilkS) (width 0.12))
    (fp_line (start 1.33 -1.33) (end 1.33 0) (layer F.SilkS) (width 0.12))
    (fp_line (start 1.33 1.27) (end 1.33 6.41) (layer F.SilkS) (width 0.12))
    (fp_line (start -1.33 6.41) (end 1.33 6.41) (layer F.SilkS) (width 0.12))
    (fp_line (start -1.33 1.27) (end -1.33 6.41) (layer F.SilkS) (width 0.12))
    (fp_line (start -1.33 1.27) (end 1.33 1.27) (layer F.SilkS) (width 0.12))
    (fp_line (start -1.27 6.35) (end -1.27 -1.27) (layer F.Fab) (width 0.1))
    (fp_line (start 1.27 6.35) (end -1.27 6.35) (layer F.Fab) (width 0.1))
    (fp_line (start 1.27 -0.635) (end 1.27 6.35) (layer F.Fab) (width 0.1))
    (fp_line (start 0.635 -1.27) (end 1.27 -0.635) (layer F.Fab) (width 0.1))
    (fp_line (start -1.27 -1.27) (end 0.635 -1.27) (layer F.Fab) (width 0.1))
    (pad 3 thru_hole oval (at 0 5.08 180) (size 1.7 1.7) (drill 1) (layers *.Cu *.Mask)
      (net 3 +3V3))
    (pad 2 thru_hole oval (at 0 2.54 180) (size 1.7 1.7) (drill 1) (layers *.Cu *.Mask)
      (net 1 GND))
    (pad 1 thru_hole rect (at 0 0 180) (size 1.7 1.7) (drill 1) (layers *.Cu *.Mask)
      (net 2 +VDC))
    (model ${KISYS3DMOD}/Connector_PinSocket_2.54mm.3dshapes/PinSocket_1x03_P2.54mm_Vertical.wrl
      (at (xyz 0 0 0))
      (scale (xyz 1 1 1))
      (rotate (xyz 0 0 0))
    )
  )

  (module Package_TO_SOT_SMD:SOT-23 (layer F.Cu) (tedit 5A02FF57) (tstamp 5BC54AA6)
    (at 46.0248 33.528 90)
    (descr "SOT-23, Standard")
    (tags SOT-23)
    (path /5BCBE739)
    (attr smd)
    (fp_text reference Q3 (at 0 -2.5 90) (layer F.SilkS)
      (effects (font (size 1 1) (thickness 0.15)))
    )
    (fp_text value DMP2045U (at 0 2.5 90) (layer F.Fab)
      (effects (font (size 1 1) (thickness 0.15)))
    )
    (fp_line (start 0.76 1.58) (end -0.7 1.58) (layer F.SilkS) (width 0.12))
    (fp_line (start 0.76 -1.58) (end -1.4 -1.58) (layer F.SilkS) (width 0.12))
    (fp_line (start -1.7 1.75) (end -1.7 -1.75) (layer F.CrtYd) (width 0.05))
    (fp_line (start 1.7 1.75) (end -1.7 1.75) (layer F.CrtYd) (width 0.05))
    (fp_line (start 1.7 -1.75) (end 1.7 1.75) (layer F.CrtYd) (width 0.05))
    (fp_line (start -1.7 -1.75) (end 1.7 -1.75) (layer F.CrtYd) (width 0.05))
    (fp_line (start 0.76 -1.58) (end 0.76 -0.65) (layer F.SilkS) (width 0.12))
    (fp_line (start 0.76 1.58) (end 0.76 0.65) (layer F.SilkS) (width 0.12))
    (fp_line (start -0.7 1.52) (end 0.7 1.52) (layer F.Fab) (width 0.1))
    (fp_line (start 0.7 -1.52) (end 0.7 1.52) (layer F.Fab) (width 0.1))
    (fp_line (start -0.7 -0.95) (end -0.15 -1.52) (layer F.Fab) (width 0.1))
    (fp_line (start -0.15 -1.52) (end 0.7 -1.52) (layer F.Fab) (width 0.1))
    (fp_line (start -0.7 -0.95) (end -0.7 1.5) (layer F.Fab) (width 0.1))
    (fp_text user %R (at 0 0 180) (layer F.Fab)
      (effects (font (size 0.5 0.5) (thickness 0.075)))
    )
    (pad 3 smd rect (at 1 0 90) (size 0.9 0.8) (layers F.Cu F.Paste F.Mask)
      (net 15 "Net-(Q3-Pad3)"))
    (pad 2 smd rect (at -1 0.95 90) (size 0.9 0.8) (layers F.Cu F.Paste F.Mask)
      (net 3 +3V3))
    (pad 1 smd rect (at -1 -0.95 90) (size 0.9 0.8) (layers F.Cu F.Paste F.Mask)
      (net 14 SWITCHER))
    (model ${KISYS3DMOD}/Package_TO_SOT_SMD.3dshapes/SOT-23.wrl
      (at (xyz 0 0 0))
      (scale (xyz 1 1 1))
      (rotate (xyz 0 0 0))
    )
  )

  (module Package_TO_SOT_SMD:SOT-23 (layer F.Cu) (tedit 5A02FF57) (tstamp 5BD194E6)
    (at 33.528 36.322 90)
    (descr "SOT-23, Standard")
    (tags SOT-23)
    (path /5BC5B876)
    (attr smd)
    (fp_text reference Q1 (at 0 -2.5 90) (layer F.SilkS)
      (effects (font (size 1 1) (thickness 0.15)))
    )
    (fp_text value DMP2045U (at 0 2.5 90) (layer F.Fab)
      (effects (font (size 1 1) (thickness 0.15)))
    )
    (fp_text user %R (at 0 0 270) (layer F.Fab)
      (effects (font (size 0.5 0.5) (thickness 0.075)))
    )
    (fp_line (start -0.7 -0.95) (end -0.7 1.5) (layer F.Fab) (width 0.1))
    (fp_line (start -0.15 -1.52) (end 0.7 -1.52) (layer F.Fab) (width 0.1))
    (fp_line (start -0.7 -0.95) (end -0.15 -1.52) (layer F.Fab) (width 0.1))
    (fp_line (start 0.7 -1.52) (end 0.7 1.52) (layer F.Fab) (width 0.1))
    (fp_line (start -0.7 1.52) (end 0.7 1.52) (layer F.Fab) (width 0.1))
    (fp_line (start 0.76 1.58) (end 0.76 0.65) (layer F.SilkS) (width 0.12))
    (fp_line (start 0.76 -1.58) (end 0.76 -0.65) (layer F.SilkS) (width 0.12))
    (fp_line (start -1.7 -1.75) (end 1.7 -1.75) (layer F.CrtYd) (width 0.05))
    (fp_line (start 1.7 -1.75) (end 1.7 1.75) (layer F.CrtYd) (width 0.05))
    (fp_line (start 1.7 1.75) (end -1.7 1.75) (layer F.CrtYd) (width 0.05))
    (fp_line (start -1.7 1.75) (end -1.7 -1.75) (layer F.CrtYd) (width 0.05))
    (fp_line (start 0.76 -1.58) (end -1.4 -1.58) (layer F.SilkS) (width 0.12))
    (fp_line (start 0.76 1.58) (end -0.7 1.58) (layer F.SilkS) (width 0.12))
    (pad 1 smd rect (at -1 -0.95 90) (size 0.9 0.8) (layers F.Cu F.Paste F.Mask)
      (net 14 SWITCHER))
    (pad 2 smd rect (at -1 0.95 90) (size 0.9 0.8) (layers F.Cu F.Paste F.Mask)
      (net 2 +VDC))
    (pad 3 smd rect (at 1 0 90) (size 0.9 0.8) (layers F.Cu F.Paste F.Mask)
      (net 9 "Net-(Q1-Pad3)"))
    (model ${KISYS3DMOD}/Package_TO_SOT_SMD.3dshapes/SOT-23.wrl
      (at (xyz 0 0 0))
      (scale (xyz 1 1 1))
      (rotate (xyz 0 0 0))
    )
  )

  (module Package_TO_SOT_SMD:SOT-23 (layer F.Cu) (tedit 5A02FF57) (tstamp 5BD19588)
    (at 39.0652 33.6296 90)
    (descr "SOT-23, Standard")
    (tags SOT-23)
    (path /5BC5B81C)
    (attr smd)
    (fp_text reference Q2 (at 0 -2.5 90) (layer F.SilkS)
      (effects (font (size 1 1) (thickness 0.15)))
    )
    (fp_text value DMP2045U (at 0 2.5 90) (layer F.Fab)
      (effects (font (size 1 1) (thickness 0.15)))
    )
    (fp_line (start 0.76 1.58) (end -0.7 1.58) (layer F.SilkS) (width 0.12))
    (fp_line (start 0.76 -1.58) (end -1.4 -1.58) (layer F.SilkS) (width 0.12))
    (fp_line (start -1.7 1.75) (end -1.7 -1.75) (layer F.CrtYd) (width 0.05))
    (fp_line (start 1.7 1.75) (end -1.7 1.75) (layer F.CrtYd) (width 0.05))
    (fp_line (start 1.7 -1.75) (end 1.7 1.75) (layer F.CrtYd) (width 0.05))
    (fp_line (start -1.7 -1.75) (end 1.7 -1.75) (layer F.CrtYd) (width 0.05))
    (fp_line (start 0.76 -1.58) (end 0.76 -0.65) (layer F.SilkS) (width 0.12))
    (fp_line (start 0.76 1.58) (end 0.76 0.65) (layer F.SilkS) (width 0.12))
    (fp_line (start -0.7 1.52) (end 0.7 1.52) (layer F.Fab) (width 0.1))
    (fp_line (start 0.7 -1.52) (end 0.7 1.52) (layer F.Fab) (width 0.1))
    (fp_line (start -0.7 -0.95) (end -0.15 -1.52) (layer F.Fab) (width 0.1))
    (fp_line (start -0.15 -1.52) (end 0.7 -1.52) (layer F.Fab) (width 0.1))
    (fp_line (start -0.7 -0.95) (end -0.7 1.5) (layer F.Fab) (width 0.1))
    (fp_text user %R (at 0 0 180) (layer F.Fab)
      (effects (font (size 0.5 0.5) (thickness 0.075)))
    )
    (pad 3 smd rect (at 1 0 90) (size 0.9 0.8) (layers F.Cu F.Paste F.Mask)
      (net 9 "Net-(Q1-Pad3)"))
    (pad 2 smd rect (at -1 0.95 90) (size 0.9 0.8) (layers F.Cu F.Paste F.Mask)
      (net 4 VDD-SWITCH))
    (pad 1 smd rect (at -1 -0.95 90) (size 0.9 0.8) (layers F.Cu F.Paste F.Mask)
      (net 14 SWITCHER))
    (model ${KISYS3DMOD}/Package_TO_SOT_SMD.3dshapes/SOT-23.wrl
      (at (xyz 0 0 0))
      (scale (xyz 1 1 1))
      (rotate (xyz 0 0 0))
    )
  )

  (module Capacitor_SMD:C_0603_1608Metric_Pad1.05x0.95mm_HandSolder (layer F.Cu) (tedit 5B301BBE) (tstamp 5BD190BC)
    (at 27.5844 15.1384 90)
    (descr "Capacitor SMD 0603 (1608 Metric), square (rectangular) end terminal, IPC_7351 nominal with elongated pad for handsoldering. (Body size source: http://www.tortai-tech.com/upload/download/2011102023233369053.pdf), generated with kicad-footprint-generator")
    (tags "capacitor handsolder")
    (path /5BC10FBE)
    (attr smd)
    (fp_text reference C1 (at 0 -1.43 90) (layer F.SilkS)
      (effects (font (size 1 1) (thickness 0.15)))
    )
    (fp_text value CP (at 0 1.43 90) (layer F.Fab)
      (effects (font (size 1 1) (thickness 0.15)))
    )
    (fp_line (start -0.8 0.4) (end -0.8 -0.4) (layer F.Fab) (width 0.1))
    (fp_line (start -0.8 -0.4) (end 0.8 -0.4) (layer F.Fab) (width 0.1))
    (fp_line (start 0.8 -0.4) (end 0.8 0.4) (layer F.Fab) (width 0.1))
    (fp_line (start 0.8 0.4) (end -0.8 0.4) (layer F.Fab) (width 0.1))
    (fp_line (start -0.171267 -0.51) (end 0.171267 -0.51) (layer F.SilkS) (width 0.12))
    (fp_line (start -0.171267 0.51) (end 0.171267 0.51) (layer F.SilkS) (width 0.12))
    (fp_line (start -1.65 0.73) (end -1.65 -0.73) (layer F.CrtYd) (width 0.05))
    (fp_line (start -1.65 -0.73) (end 1.65 -0.73) (layer F.CrtYd) (width 0.05))
    (fp_line (start 1.65 -0.73) (end 1.65 0.73) (layer F.CrtYd) (width 0.05))
    (fp_line (start 1.65 0.73) (end -1.65 0.73) (layer F.CrtYd) (width 0.05))
    (fp_text user %R (at 0 0 90) (layer F.Fab)
      (effects (font (size 0.4 0.4) (thickness 0.06)))
    )
    (pad 1 smd roundrect (at -0.875 0 90) (size 1.05 0.95) (layers F.Cu F.Paste F.Mask) (roundrect_rratio 0.25)
      (net 2 +VDC))
    (pad 2 smd roundrect (at 0.875 0 90) (size 1.05 0.95) (layers F.Cu F.Paste F.Mask) (roundrect_rratio 0.25)
      (net 1 GND))
    (model ${KISYS3DMOD}/Capacitor_SMD.3dshapes/C_0603_1608Metric.wrl
      (at (xyz 0 0 0))
      (scale (xyz 1 1 1))
      (rotate (xyz 0 0 0))
    )
  )

  (module Capacitor_SMD:C_0603_1608Metric_Pad1.05x0.95mm_HandSolder (layer F.Cu) (tedit 5B301BBE) (tstamp 5BEA0008)
    (at 27.7368 10.5664 90)
    (descr "Capacitor SMD 0603 (1608 Metric), square (rectangular) end terminal, IPC_7351 nominal with elongated pad for handsoldering. (Body size source: http://www.tortai-tech.com/upload/download/2011102023233369053.pdf), generated with kicad-footprint-generator")
    (tags "capacitor handsolder")
    (path /5BC11016)
    (attr smd)
    (fp_text reference C2 (at 0 -1.43 90) (layer F.SilkS)
      (effects (font (size 1 1) (thickness 0.15)))
    )
    (fp_text value CP (at 0 1.43 90) (layer F.Fab)
      (effects (font (size 1 1) (thickness 0.15)))
    )
    (fp_text user %R (at 0 0 90) (layer F.Fab)
      (effects (font (size 0.4 0.4) (thickness 0.06)))
    )
    (fp_line (start 1.65 0.73) (end -1.65 0.73) (layer F.CrtYd) (width 0.05))
    (fp_line (start 1.65 -0.73) (end 1.65 0.73) (layer F.CrtYd) (width 0.05))
    (fp_line (start -1.65 -0.73) (end 1.65 -0.73) (layer F.CrtYd) (width 0.05))
    (fp_line (start -1.65 0.73) (end -1.65 -0.73) (layer F.CrtYd) (width 0.05))
    (fp_line (start -0.171267 0.51) (end 0.171267 0.51) (layer F.SilkS) (width 0.12))
    (fp_line (start -0.171267 -0.51) (end 0.171267 -0.51) (layer F.SilkS) (width 0.12))
    (fp_line (start 0.8 0.4) (end -0.8 0.4) (layer F.Fab) (width 0.1))
    (fp_line (start 0.8 -0.4) (end 0.8 0.4) (layer F.Fab) (width 0.1))
    (fp_line (start -0.8 -0.4) (end 0.8 -0.4) (layer F.Fab) (width 0.1))
    (fp_line (start -0.8 0.4) (end -0.8 -0.4) (layer F.Fab) (width 0.1))
    (pad 2 smd roundrect (at 0.875 0 90) (size 1.05 0.95) (layers F.Cu F.Paste F.Mask) (roundrect_rratio 0.25)
      (net 1 GND))
    (pad 1 smd roundrect (at -0.875 0 90) (size 1.05 0.95) (layers F.Cu F.Paste F.Mask) (roundrect_rratio 0.25)
      (net 3 +3V3))
    (model ${KISYS3DMOD}/Capacitor_SMD.3dshapes/C_0603_1608Metric.wrl
      (at (xyz 0 0 0))
      (scale (xyz 1 1 1))
      (rotate (xyz 0 0 0))
    )
  )

  (module Capacitor_SMD:C_0603_1608Metric_Pad1.05x0.95mm_HandSolder (layer F.Cu) (tedit 5B301BBE) (tstamp 5BD1973D)
    (at 32.4612 32.653 270)
    (descr "Capacitor SMD 0603 (1608 Metric), square (rectangular) end terminal, IPC_7351 nominal with elongated pad for handsoldering. (Body size source: http://www.tortai-tech.com/upload/download/2011102023233369053.pdf), generated with kicad-footprint-generator")
    (tags "capacitor handsolder")
    (path /5BC03BBA)
    (attr smd)
    (fp_text reference C3 (at 0 -1.43 270) (layer F.SilkS)
      (effects (font (size 1 1) (thickness 0.15)))
    )
    (fp_text value CP (at 0 1.43 270) (layer F.Fab)
      (effects (font (size 1 1) (thickness 0.15)))
    )
    (fp_text user %R (at 0 0 270) (layer F.Fab)
      (effects (font (size 0.4 0.4) (thickness 0.06)))
    )
    (fp_line (start 1.65 0.73) (end -1.65 0.73) (layer F.CrtYd) (width 0.05))
    (fp_line (start 1.65 -0.73) (end 1.65 0.73) (layer F.CrtYd) (width 0.05))
    (fp_line (start -1.65 -0.73) (end 1.65 -0.73) (layer F.CrtYd) (width 0.05))
    (fp_line (start -1.65 0.73) (end -1.65 -0.73) (layer F.CrtYd) (width 0.05))
    (fp_line (start -0.171267 0.51) (end 0.171267 0.51) (layer F.SilkS) (width 0.12))
    (fp_line (start -0.171267 -0.51) (end 0.171267 -0.51) (layer F.SilkS) (width 0.12))
    (fp_line (start 0.8 0.4) (end -0.8 0.4) (layer F.Fab) (width 0.1))
    (fp_line (start 0.8 -0.4) (end 0.8 0.4) (layer F.Fab) (width 0.1))
    (fp_line (start -0.8 -0.4) (end 0.8 -0.4) (layer F.Fab) (width 0.1))
    (fp_line (start -0.8 0.4) (end -0.8 -0.4) (layer F.Fab) (width 0.1))
    (pad 2 smd roundrect (at 0.875 0 270) (size 1.05 0.95) (layers F.Cu F.Paste F.Mask) (roundrect_rratio 0.25)
      (net 1 GND))
    (pad 1 smd roundrect (at -0.875 0 270) (size 1.05 0.95) (layers F.Cu F.Paste F.Mask) (roundrect_rratio 0.25)
      (net 4 VDD-SWITCH))
    (model ${KISYS3DMOD}/Capacitor_SMD.3dshapes/C_0603_1608Metric.wrl
      (at (xyz 0 0 0))
      (scale (xyz 1 1 1))
      (rotate (xyz 0 0 0))
    )
  )

  (module Diode_SMD:D_SOD-123F (layer F.Cu) (tedit 587F7769) (tstamp 5BD185C9)
    (at 44.5008 29.2608 270)
    (descr D_SOD-123F)
    (tags D_SOD-123F)
    (path /5BBFBB02)
    (attr smd)
    (fp_text reference D1 (at -0.127 -1.905 270) (layer F.SilkS)
      (effects (font (size 1 1) (thickness 0.15)))
    )
    (fp_text value D (at 0 2.1 270) (layer F.Fab)
      (effects (font (size 1 1) (thickness 0.15)))
    )
    (fp_line (start -2.2 -1) (end 1.65 -1) (layer F.SilkS) (width 0.12))
    (fp_line (start -2.2 1) (end 1.65 1) (layer F.SilkS) (width 0.12))
    (fp_line (start -2.2 -1.15) (end -2.2 1.15) (layer F.CrtYd) (width 0.05))
    (fp_line (start 2.2 1.15) (end -2.2 1.15) (layer F.CrtYd) (width 0.05))
    (fp_line (start 2.2 -1.15) (end 2.2 1.15) (layer F.CrtYd) (width 0.05))
    (fp_line (start -2.2 -1.15) (end 2.2 -1.15) (layer F.CrtYd) (width 0.05))
    (fp_line (start -1.4 -0.9) (end 1.4 -0.9) (layer F.Fab) (width 0.1))
    (fp_line (start 1.4 -0.9) (end 1.4 0.9) (layer F.Fab) (width 0.1))
    (fp_line (start 1.4 0.9) (end -1.4 0.9) (layer F.Fab) (width 0.1))
    (fp_line (start -1.4 0.9) (end -1.4 -0.9) (layer F.Fab) (width 0.1))
    (fp_line (start -0.75 0) (end -0.35 0) (layer F.Fab) (width 0.1))
    (fp_line (start -0.35 0) (end -0.35 -0.55) (layer F.Fab) (width 0.1))
    (fp_line (start -0.35 0) (end -0.35 0.55) (layer F.Fab) (width 0.1))
    (fp_line (start -0.35 0) (end 0.25 -0.4) (layer F.Fab) (width 0.1))
    (fp_line (start 0.25 -0.4) (end 0.25 0.4) (layer F.Fab) (width 0.1))
    (fp_line (start 0.25 0.4) (end -0.35 0) (layer F.Fab) (width 0.1))
    (fp_line (start 0.25 0) (end 0.75 0) (layer F.Fab) (width 0.1))
    (fp_line (start -2.2 -1) (end -2.2 1) (layer F.SilkS) (width 0.12))
    (fp_text user %R (at -0.127 -1.905 270) (layer F.Fab)
      (effects (font (size 1 1) (thickness 0.15)))
    )
    (pad 2 smd rect (at 1.4 0 270) (size 1.1 1.1) (layers F.Cu F.Paste F.Mask)
      (net 1 GND))
    (pad 1 smd rect (at -1.4 0 270) (size 1.1 1.1) (layers F.Cu F.Paste F.Mask)
      (net 4 VDD-SWITCH))
    (model ${KISYS3DMOD}/Diode_SMD.3dshapes/D_SOD-123F.wrl
      (at (xyz 0 0 0))
      (scale (xyz 1 1 1))
      (rotate (xyz 0 0 0))
    )
  )

  (module Resistor_SMD:R_0603_1608Metric_Pad1.05x0.95mm_HandSolder (layer F.Cu) (tedit 5B301BBD) (tstamp 5BD185E1)
    (at 43.7388 22.081238 90)
    (descr "Resistor SMD 0603 (1608 Metric), square (rectangular) end terminal, IPC_7351 nominal with elongated pad for handsoldering. (Body size source: http://www.tortai-tech.com/upload/download/2011102023233369053.pdf), generated with kicad-footprint-generator")
    (tags "resistor handsolder")
    (path /5BC2264F)
    (attr smd)
    (fp_text reference R1 (at 0 -1.43 90) (layer F.SilkS)
      (effects (font (size 1 1) (thickness 0.15)))
    )
    (fp_text value RD1 (at 0 1.43 90) (layer F.Fab)
      (effects (font (size 1 1) (thickness 0.15)))
    )
    (fp_text user %R (at 0 0 90) (layer F.Fab)
      (effects (font (size 0.4 0.4) (thickness 0.06)))
    )
    (fp_line (start 1.65 0.73) (end -1.65 0.73) (layer F.CrtYd) (width 0.05))
    (fp_line (start 1.65 -0.73) (end 1.65 0.73) (layer F.CrtYd) (width 0.05))
    (fp_line (start -1.65 -0.73) (end 1.65 -0.73) (layer F.CrtYd) (width 0.05))
    (fp_line (start -1.65 0.73) (end -1.65 -0.73) (layer F.CrtYd) (width 0.05))
    (fp_line (start -0.171267 0.51) (end 0.171267 0.51) (layer F.SilkS) (width 0.12))
    (fp_line (start -0.171267 -0.51) (end 0.171267 -0.51) (layer F.SilkS) (width 0.12))
    (fp_line (start 0.8 0.4) (end -0.8 0.4) (layer F.Fab) (width 0.1))
    (fp_line (start 0.8 -0.4) (end 0.8 0.4) (layer F.Fab) (width 0.1))
    (fp_line (start -0.8 -0.4) (end 0.8 -0.4) (layer F.Fab) (width 0.1))
    (fp_line (start -0.8 0.4) (end -0.8 -0.4) (layer F.Fab) (width 0.1))
    (pad 2 smd roundrect (at 0.875 0 90) (size 1.05 0.95) (layers F.Cu F.Paste F.Mask) (roundrect_rratio 0.25)
      (net 5 "Net-(R1-Pad2)"))
    (pad 1 smd roundrect (at -0.875 0 90) (size 1.05 0.95) (layers F.Cu F.Paste F.Mask) (roundrect_rratio 0.25)
      (net 1 GND))
    (model ${KISYS3DMOD}/Resistor_SMD.3dshapes/R_0603_1608Metric.wrl
      (at (xyz 0 0 0))
      (scale (xyz 1 1 1))
      (rotate (xyz 0 0 0))
    )
  )

  (module Resistor_SMD:R_0603_1608Metric_Pad1.05x0.95mm_HandSolder (layer F.Cu) (tedit 5B301BBD) (tstamp 5BD185F1)
    (at 42.315796 22.081238 90)
    (descr "Resistor SMD 0603 (1608 Metric), square (rectangular) end terminal, IPC_7351 nominal with elongated pad for handsoldering. (Body size source: http://www.tortai-tech.com/upload/download/2011102023233369053.pdf), generated with kicad-footprint-generator")
    (tags "resistor handsolder")
    (path /5BC23052)
    (attr smd)
    (fp_text reference R2 (at 0 -1.43 90) (layer F.SilkS)
      (effects (font (size 1 1) (thickness 0.15)))
    )
    (fp_text value RD2 (at 0 1.43 90) (layer F.Fab)
      (effects (font (size 1 1) (thickness 0.15)))
    )
    (fp_line (start -0.8 0.4) (end -0.8 -0.4) (layer F.Fab) (width 0.1))
    (fp_line (start -0.8 -0.4) (end 0.8 -0.4) (layer F.Fab) (width 0.1))
    (fp_line (start 0.8 -0.4) (end 0.8 0.4) (layer F.Fab) (width 0.1))
    (fp_line (start 0.8 0.4) (end -0.8 0.4) (layer F.Fab) (width 0.1))
    (fp_line (start -0.171267 -0.51) (end 0.171267 -0.51) (layer F.SilkS) (width 0.12))
    (fp_line (start -0.171267 0.51) (end 0.171267 0.51) (layer F.SilkS) (width 0.12))
    (fp_line (start -1.65 0.73) (end -1.65 -0.73) (layer F.CrtYd) (width 0.05))
    (fp_line (start -1.65 -0.73) (end 1.65 -0.73) (layer F.CrtYd) (width 0.05))
    (fp_line (start 1.65 -0.73) (end 1.65 0.73) (layer F.CrtYd) (width 0.05))
    (fp_line (start 1.65 0.73) (end -1.65 0.73) (layer F.CrtYd) (width 0.05))
    (fp_text user %R (at 0 0 90) (layer F.Fab)
      (effects (font (size 0.4 0.4) (thickness 0.06)))
    )
    (pad 1 smd roundrect (at -0.875 0 90) (size 1.05 0.95) (layers F.Cu F.Paste F.Mask) (roundrect_rratio 0.25)
      (net 1 GND))
    (pad 2 smd roundrect (at 0.875 0 90) (size 1.05 0.95) (layers F.Cu F.Paste F.Mask) (roundrect_rratio 0.25)
      (net 6 "Net-(R2-Pad2)"))
    (model ${KISYS3DMOD}/Resistor_SMD.3dshapes/R_0603_1608Metric.wrl
      (at (xyz 0 0 0))
      (scale (xyz 1 1 1))
      (rotate (xyz 0 0 0))
    )
  )

  (module Resistor_SMD:R_0603_1608Metric_Pad1.05x0.95mm_HandSolder (layer F.Cu) (tedit 5B301BBD) (tstamp 5BD18601)
    (at 40.855296 22.081238 90)
    (descr "Resistor SMD 0603 (1608 Metric), square (rectangular) end terminal, IPC_7351 nominal with elongated pad for handsoldering. (Body size source: http://www.tortai-tech.com/upload/download/2011102023233369053.pdf), generated with kicad-footprint-generator")
    (tags "resistor handsolder")
    (path /5BC23092)
    (attr smd)
    (fp_text reference R3 (at 0 -1.43 90) (layer F.SilkS)
      (effects (font (size 1 1) (thickness 0.15)))
    )
    (fp_text value RD3 (at 0 1.43 90) (layer F.Fab)
      (effects (font (size 1 1) (thickness 0.15)))
    )
    (fp_text user %R (at 0 0 90) (layer F.Fab)
      (effects (font (size 0.4 0.4) (thickness 0.06)))
    )
    (fp_line (start 1.65 0.73) (end -1.65 0.73) (layer F.CrtYd) (width 0.05))
    (fp_line (start 1.65 -0.73) (end 1.65 0.73) (layer F.CrtYd) (width 0.05))
    (fp_line (start -1.65 -0.73) (end 1.65 -0.73) (layer F.CrtYd) (width 0.05))
    (fp_line (start -1.65 0.73) (end -1.65 -0.73) (layer F.CrtYd) (width 0.05))
    (fp_line (start -0.171267 0.51) (end 0.171267 0.51) (layer F.SilkS) (width 0.12))
    (fp_line (start -0.171267 -0.51) (end 0.171267 -0.51) (layer F.SilkS) (width 0.12))
    (fp_line (start 0.8 0.4) (end -0.8 0.4) (layer F.Fab) (width 0.1))
    (fp_line (start 0.8 -0.4) (end 0.8 0.4) (layer F.Fab) (width 0.1))
    (fp_line (start -0.8 -0.4) (end 0.8 -0.4) (layer F.Fab) (width 0.1))
    (fp_line (start -0.8 0.4) (end -0.8 -0.4) (layer F.Fab) (width 0.1))
    (pad 2 smd roundrect (at 0.875 0 90) (size 1.05 0.95) (layers F.Cu F.Paste F.Mask) (roundrect_rratio 0.25)
      (net 7 "Net-(R3-Pad2)"))
    (pad 1 smd roundrect (at -0.875 0 90) (size 1.05 0.95) (layers F.Cu F.Paste F.Mask) (roundrect_rratio 0.25)
      (net 1 GND))
    (model ${KISYS3DMOD}/Resistor_SMD.3dshapes/R_0603_1608Metric.wrl
      (at (xyz 0 0 0))
      (scale (xyz 1 1 1))
      (rotate (xyz 0 0 0))
    )
  )

  (module Resistor_SMD:R_0603_1608Metric_Pad1.05x0.95mm_HandSolder (layer F.Cu) (tedit 5B301BBD) (tstamp 5BD18611)
    (at 39.394796 22.081238 90)
    (descr "Resistor SMD 0603 (1608 Metric), square (rectangular) end terminal, IPC_7351 nominal with elongated pad for handsoldering. (Body size source: http://www.tortai-tech.com/upload/download/2011102023233369053.pdf), generated with kicad-footprint-generator")
    (tags "resistor handsolder")
    (path /5BC230CC)
    (attr smd)
    (fp_text reference R4 (at 0 -1.43 90) (layer F.SilkS)
      (effects (font (size 1 1) (thickness 0.15)))
    )
    (fp_text value RD4 (at 0 1.43 90) (layer F.Fab)
      (effects (font (size 1 1) (thickness 0.15)))
    )
    (fp_line (start -0.8 0.4) (end -0.8 -0.4) (layer F.Fab) (width 0.1))
    (fp_line (start -0.8 -0.4) (end 0.8 -0.4) (layer F.Fab) (width 0.1))
    (fp_line (start 0.8 -0.4) (end 0.8 0.4) (layer F.Fab) (width 0.1))
    (fp_line (start 0.8 0.4) (end -0.8 0.4) (layer F.Fab) (width 0.1))
    (fp_line (start -0.171267 -0.51) (end 0.171267 -0.51) (layer F.SilkS) (width 0.12))
    (fp_line (start -0.171267 0.51) (end 0.171267 0.51) (layer F.SilkS) (width 0.12))
    (fp_line (start -1.65 0.73) (end -1.65 -0.73) (layer F.CrtYd) (width 0.05))
    (fp_line (start -1.65 -0.73) (end 1.65 -0.73) (layer F.CrtYd) (width 0.05))
    (fp_line (start 1.65 -0.73) (end 1.65 0.73) (layer F.CrtYd) (width 0.05))
    (fp_line (start 1.65 0.73) (end -1.65 0.73) (layer F.CrtYd) (width 0.05))
    (fp_text user %R (at 0 0 90) (layer F.Fab)
      (effects (font (size 0.4 0.4) (thickness 0.06)))
    )
    (pad 1 smd roundrect (at -0.875 0 90) (size 1.05 0.95) (layers F.Cu F.Paste F.Mask) (roundrect_rratio 0.25)
      (net 1 GND))
    (pad 2 smd roundrect (at 0.875 0 90) (size 1.05 0.95) (layers F.Cu F.Paste F.Mask) (roundrect_rratio 0.25)
      (net 8 "Net-(R4-Pad2)"))
    (model ${KISYS3DMOD}/Resistor_SMD.3dshapes/R_0603_1608Metric.wrl
      (at (xyz 0 0 0))
      (scale (xyz 1 1 1))
      (rotate (xyz 0 0 0))
    )
  )

  (module Resistor_SMD:R_0603_1608Metric_Pad1.05x0.95mm_HandSolder (layer F.Cu) (tedit 5B301BBD) (tstamp 5BE9F995)
    (at 37.934296 22.081238 90)
    (descr "Resistor SMD 0603 (1608 Metric), square (rectangular) end terminal, IPC_7351 nominal with elongated pad for handsoldering. (Body size source: http://www.tortai-tech.com/upload/download/2011102023233369053.pdf), generated with kicad-footprint-generator")
    (tags "resistor handsolder")
    (path /5BC76687)
    (attr smd)
    (fp_text reference R7 (at 0 -1.43 90) (layer F.SilkS)
      (effects (font (size 1 1) (thickness 0.15)))
    )
    (fp_text value RD5 (at 0 1.43 90) (layer F.Fab)
      (effects (font (size 1 1) (thickness 0.15)))
    )
    (fp_line (start -0.8 0.4) (end -0.8 -0.4) (layer F.Fab) (width 0.1))
    (fp_line (start -0.8 -0.4) (end 0.8 -0.4) (layer F.Fab) (width 0.1))
    (fp_line (start 0.8 -0.4) (end 0.8 0.4) (layer F.Fab) (width 0.1))
    (fp_line (start 0.8 0.4) (end -0.8 0.4) (layer F.Fab) (width 0.1))
    (fp_line (start -0.171267 -0.51) (end 0.171267 -0.51) (layer F.SilkS) (width 0.12))
    (fp_line (start -0.171267 0.51) (end 0.171267 0.51) (layer F.SilkS) (width 0.12))
    (fp_line (start -1.65 0.73) (end -1.65 -0.73) (layer F.CrtYd) (width 0.05))
    (fp_line (start -1.65 -0.73) (end 1.65 -0.73) (layer F.CrtYd) (width 0.05))
    (fp_line (start 1.65 -0.73) (end 1.65 0.73) (layer F.CrtYd) (width 0.05))
    (fp_line (start 1.65 0.73) (end -1.65 0.73) (layer F.CrtYd) (width 0.05))
    (fp_text user %R (at 0 0 90) (layer F.Fab)
      (effects (font (size 0.4 0.4) (thickness 0.06)))
    )
    (pad 1 smd roundrect (at -0.875 0 90) (size 1.05 0.95) (layers F.Cu F.Paste F.Mask) (roundrect_rratio 0.25)
      (net 1 GND))
    (pad 2 smd roundrect (at 0.875 0 90) (size 1.05 0.95) (layers F.Cu F.Paste F.Mask) (roundrect_rratio 0.25)
      (net 11 "Net-(R7-Pad2)"))
    (model ${KISYS3DMOD}/Resistor_SMD.3dshapes/R_0603_1608Metric.wrl
      (at (xyz 0 0 0))
      (scale (xyz 1 1 1))
      (rotate (xyz 0 0 0))
    )
  )

  (module Resistor_SMD:R_0603_1608Metric_Pad1.05x0.95mm_HandSolder (layer F.Cu) (tedit 5B301BBD) (tstamp 5BD19C5E)
    (at 36.473796 22.081238 90)
    (descr "Resistor SMD 0603 (1608 Metric), square (rectangular) end terminal, IPC_7351 nominal with elongated pad for handsoldering. (Body size source: http://www.tortai-tech.com/upload/download/2011102023233369053.pdf), generated with kicad-footprint-generator")
    (tags "resistor handsolder")
    (path /5BC76874)
    (attr smd)
    (fp_text reference R8 (at 0 -1.43 90) (layer F.SilkS)
      (effects (font (size 1 1) (thickness 0.15)))
    )
    (fp_text value RD6 (at 0 1.43 90) (layer F.Fab)
      (effects (font (size 1 1) (thickness 0.15)))
    )
    (fp_text user %R (at 0 0 90) (layer F.Fab)
      (effects (font (size 0.4 0.4) (thickness 0.06)))
    )
    (fp_line (start 1.65 0.73) (end -1.65 0.73) (layer F.CrtYd) (width 0.05))
    (fp_line (start 1.65 -0.73) (end 1.65 0.73) (layer F.CrtYd) (width 0.05))
    (fp_line (start -1.65 -0.73) (end 1.65 -0.73) (layer F.CrtYd) (width 0.05))
    (fp_line (start -1.65 0.73) (end -1.65 -0.73) (layer F.CrtYd) (width 0.05))
    (fp_line (start -0.171267 0.51) (end 0.171267 0.51) (layer F.SilkS) (width 0.12))
    (fp_line (start -0.171267 -0.51) (end 0.171267 -0.51) (layer F.SilkS) (width 0.12))
    (fp_line (start 0.8 0.4) (end -0.8 0.4) (layer F.Fab) (width 0.1))
    (fp_line (start 0.8 -0.4) (end 0.8 0.4) (layer F.Fab) (width 0.1))
    (fp_line (start -0.8 -0.4) (end 0.8 -0.4) (layer F.Fab) (width 0.1))
    (fp_line (start -0.8 0.4) (end -0.8 -0.4) (layer F.Fab) (width 0.1))
    (pad 2 smd roundrect (at 0.875 0 90) (size 1.05 0.95) (layers F.Cu F.Paste F.Mask) (roundrect_rratio 0.25)
      (net 12 "Net-(R8-Pad2)"))
    (pad 1 smd roundrect (at -0.875 0 90) (size 1.05 0.95) (layers F.Cu F.Paste F.Mask) (roundrect_rratio 0.25)
      (net 1 GND))
    (model ${KISYS3DMOD}/Resistor_SMD.3dshapes/R_0603_1608Metric.wrl
      (at (xyz 0 0 0))
      (scale (xyz 1 1 1))
      (rotate (xyz 0 0 0))
    )
  )

  (module Button_Switch_SMD:SW_DIP_SPSTx06_Slide_Omron_A6H-6101_W6.15mm_P1.27mm (layer F.Cu) (tedit 5A4E1407) (tstamp 5BD19C5F)
    (at 40.004396 15.401038 270)
    (descr "SMD 6x-dip-switch SPST Omron_A6H-6101, Slide, row spacing 6.15 mm (242 mils), body size  (see https://www.omron.com/ecb/products/pdf/en-a6h.pdf)")
    (tags "SMD DIP Switch SPST Slide 6.15mm 242mil")
    (path /5BC764BB)
    (attr smd)
    (fp_text reference SW1 (at 0 -5.505 270) (layer F.SilkS)
      (effects (font (size 1 1) (thickness 0.15)))
    )
    (fp_text value omron-a6h (at 0 5.505 270) (layer F.Fab)
      (effects (font (size 1 1) (thickness 0.15)))
    )
    (fp_line (start -1.25 -4.445) (end 2.25 -4.445) (layer F.Fab) (width 0.1))
    (fp_line (start 2.25 -4.445) (end 2.25 4.445) (layer F.Fab) (width 0.1))
    (fp_line (start 2.25 4.445) (end -2.25 4.445) (layer F.Fab) (width 0.1))
    (fp_line (start -2.25 4.445) (end -2.25 -3.445) (layer F.Fab) (width 0.1))
    (fp_line (start -2.25 -3.445) (end -1.25 -4.445) (layer F.Fab) (width 0.1))
    (fp_line (start -1.6 -3.425) (end -1.6 -2.925) (layer F.Fab) (width 0.1))
    (fp_line (start -1.6 -2.925) (end 1.6 -2.925) (layer F.Fab) (width 0.1))
    (fp_line (start 1.6 -2.925) (end 1.6 -3.425) (layer F.Fab) (width 0.1))
    (fp_line (start 1.6 -3.425) (end -1.6 -3.425) (layer F.Fab) (width 0.1))
    (fp_line (start -1.6 -3.325) (end -0.533333 -3.325) (layer F.Fab) (width 0.1))
    (fp_line (start -1.6 -3.225) (end -0.533333 -3.225) (layer F.Fab) (width 0.1))
    (fp_line (start -1.6 -3.125) (end -0.533333 -3.125) (layer F.Fab) (width 0.1))
    (fp_line (start -1.6 -3.025) (end -0.533333 -3.025) (layer F.Fab) (width 0.1))
    (fp_line (start -0.533333 -3.425) (end -0.533333 -2.925) (layer F.Fab) (width 0.1))
    (fp_line (start -1.6 -2.155) (end -1.6 -1.655) (layer F.Fab) (width 0.1))
    (fp_line (start -1.6 -1.655) (end 1.6 -1.655) (layer F.Fab) (width 0.1))
    (fp_line (start 1.6 -1.655) (end 1.6 -2.155) (layer F.Fab) (width 0.1))
    (fp_line (start 1.6 -2.155) (end -1.6 -2.155) (layer F.Fab) (width 0.1))
    (fp_line (start -1.6 -2.055) (end -0.533333 -2.055) (layer F.Fab) (width 0.1))
    (fp_line (start -1.6 -1.955) (end -0.533333 -1.955) (layer F.Fab) (width 0.1))
    (fp_line (start -1.6 -1.855) (end -0.533333 -1.855) (layer F.Fab) (width 0.1))
    (fp_line (start -1.6 -1.755) (end -0.533333 -1.755) (layer F.Fab) (width 0.1))
    (fp_line (start -0.533333 -2.155) (end -0.533333 -1.655) (layer F.Fab) (width 0.1))
    (fp_line (start -1.6 -0.885) (end -1.6 -0.385) (layer F.Fab) (width 0.1))
    (fp_line (start -1.6 -0.385) (end 1.6 -0.385) (layer F.Fab) (width 0.1))
    (fp_line (start 1.6 -0.385) (end 1.6 -0.885) (layer F.Fab) (width 0.1))
    (fp_line (start 1.6 -0.885) (end -1.6 -0.885) (layer F.Fab) (width 0.1))
    (fp_line (start -1.6 -0.785) (end -0.533333 -0.785) (layer F.Fab) (width 0.1))
    (fp_line (start -1.6 -0.685) (end -0.533333 -0.685) (layer F.Fab) (width 0.1))
    (fp_line (start -1.6 -0.585) (end -0.533333 -0.585) (layer F.Fab) (width 0.1))
    (fp_line (start -1.6 -0.485) (end -0.533333 -0.485) (layer F.Fab) (width 0.1))
    (fp_line (start -0.533333 -0.885) (end -0.533333 -0.385) (layer F.Fab) (width 0.1))
    (fp_line (start -1.6 0.385) (end -1.6 0.885) (layer F.Fab) (width 0.1))
    (fp_line (start -1.6 0.885) (end 1.6 0.885) (layer F.Fab) (width 0.1))
    (fp_line (start 1.6 0.885) (end 1.6 0.385) (layer F.Fab) (width 0.1))
    (fp_line (start 1.6 0.385) (end -1.6 0.385) (layer F.Fab) (width 0.1))
    (fp_line (start -1.6 0.485) (end -0.533333 0.485) (layer F.Fab) (width 0.1))
    (fp_line (start -1.6 0.585) (end -0.533333 0.585) (layer F.Fab) (width 0.1))
    (fp_line (start -1.6 0.685) (end -0.533333 0.685) (layer F.Fab) (width 0.1))
